rotation:
  roll: -1.5812880487804877
  pitch: -0.006151537921052633
  yaw: 1.5866386842105265

translation:
  x: -0.18489978048780487
  y: -0.030279151625
  z: -0.07672592926829268

intrinsic_matrix:
  focal_length_x: 415.2405
  focal_length_y: 416.0930
  center_x: 629.6892
  center_y: 340.6051
  distort_type: non_fisheye
