rotation:
  roll: -1.55895
  pitch: -0.00950
  yaw: 1.51890

translation:
  x: 0.0673
  y: -0.08059
  z: -0.11117

distort:
  type: fish-eye

intrinsic_matrix:
  focal_length_x: 271.680314
  focal_length_y: 271.498122
  center_x: 404.254529
  center_y: 349.976248

distort_param:
  k1: -0.037968
  k2: -0.004817
  p1: -0.001300
  p2: -0.000273

